COMMUNICATION_A_GS_1_10_200.out 103.854243 103.248772 103.406930
COMMUNICATION_A_GS_2_10_200.out 104.697869 105.692934 104.959272
COMMUNICATION_A_GS_3_10_200.out 106.600670 106.050696 105.682672
COMMUNICATION_A_GS_4_10_200.out 108.926971 106.669425 108.295811
COMMUNICATION_A_GS_6_10_200.out 110.893243 114.053646 112.417786
COMMUNICATION_A_GS_8_10_200.out 110.478699 108.160988 108.263877
COMMUNICATION_A_GS_10_10_200.out 61.609127 64.409544 71.947871
COMMUNICATION_A_JA_1_10_200.out 55.520250 55.411266 55.130469
COMMUNICATION_A_JA_2_10_200.out 57.669332 57.621930 57.778432
COMMUNICATION_A_JA_3_10_200.out 58.561738 58.806395 59.028192
COMMUNICATION_A_JA_4_10_200.out 59.143238 59.645975 59.944295
COMMUNICATION_A_JA_6_10_200.out 61.119457 61.089626 61.443343
COMMUNICATION_A_JA_8_10_200.out 61.040487 60.129912 62.358222
COMMUNICATION_A_JA_10_10_200.out 63.016625 64.060117 64.349435
STRONG_SCALING_GS_1_12_960.out 469.452503 467.496517 469.000965
STRONG_SCALING_GS_2_24_960.out 234.900605 235.318871 235.513843
STRONG_SCALING_GS_4_48_960.out 120.227910 119.252239 119.411103
STRONG_SCALING_GS_8_96_960.out 61.917096 62.232982 61.739620
STRONG_SCALING_GS_10_120_960.out 50.367493 50.169532 50.267893
STRONG_SCALING_GS_10_240_960.out 38.406942 38.314233 37.879681
STRONG_SCALING_JA_1_12_960.out 221.596702 221.271993 221.773309
STRONG_SCALING_JA_2_24_960.out 112.669493 112.611115 112.551745
STRONG_SCALING_JA_4_48_960.out 56.902271 57.406869 56.955723
STRONG_SCALING_JA_8_96_960.out 29.669676 29.313753 29.086513
STRONG_SCALING_JA_10_120_960.out 23.972799 23.796370 23.687533
STRONG_SCALING_JA_10_240_960.out 19.201883 19.164545 18.795596
WEAK_SCALING_GS_1_1_100.out 46.583449 46.523994 46.578244
WEAK_SCALING_GS_1_2_141.out 91.360038 91.614851 91.645983
WEAK_SCALING_GS_2_4_200.out 92.450825 92.726041 92.636334
WEAK_SCALING_GS_4_8_282.out 96.045419 93.532622 94.507476
WEAK_SCALING_GS_4_16_400.out 91.972302 92.236574 92.364769
WEAK_SCALING_GS_4_24_490.out 92.284405 92.331233 92.425206
WEAK_SCALING_GS_8_64_800.out 93.752364 93.446553 93.862446
WEAK_SCALING_JA_1_1_100.out 44.086583 43.727475 44.137017
WEAK_SCALING_JA_1_2_141.out 43.458938 43.309166 43.562896
WEAK_SCALING_JA_2_4_200.out 44.202117 44.051423 44.156933
WEAK_SCALING_JA_4_8_282.out 47.213983 47.637337 49.214390
WEAK_SCALING_JA_4_16_400.out 47.194801 44.415741 46.214817
WEAK_SCALING_JA_4_24_490.out 44.129461 44.461603 44.646490
WEAK_SCALING_JA_8_64_800.out 45.526728 44.540408 44.913294
