COMMUNICATION_A_GS_1_10_200.out 103.591072 103.237003 103.242784
COMMUNICATION_A_GS_2_10_200.out 105.581336 107.103893 107.580832
COMMUNICATION_A_GS_3_10_200.out 106.591933 106.681954 107.729507
COMMUNICATION_A_GS_4_10_200.out 112.361601 107.002912 108.127827
COMMUNICATION_A_GS_6_10_200.out 109.321040 109.692487 107.156455
COMMUNICATION_A_GS_8_10_200.out 112.583765 110.011012 113.505210
COMMUNICATION_A_GS_10_10_200.out 59.858722 58.590920 77.617091
COMMUNICATION_A_JA_1_10_200.out 55.222899 55.004225 55.506872
COMMUNICATION_A_JA_2_10_200.out 56.905807 57.808619 57.568640
COMMUNICATION_A_JA_3_10_200.out 59.053037 58.764090 59.677799
COMMUNICATION_A_JA_4_10_200.out 59.373859 60.220844 60.505695
COMMUNICATION_A_JA_6_10_200.out 61.035102 60.920429 62.032031
COMMUNICATION_A_JA_8_10_200.out 60.186165 60.803162 60.651768
COMMUNICATION_A_JA_10_10_200.out 63.645955 63.505864 63.474372
STRONG_SCALING_GS_1_12_960.out 466.477056 467.811636 468.850628
STRONG_SCALING_GS_2_24_960.out 235.595070 235.097370 235.298249
STRONG_SCALING_GS_4_48_960.out 119.463287 120.119774 119.523443
STRONG_SCALING_GS_8_96_960.out 62.236536 62.264125 62.118914
STRONG_SCALING_GS_10_120_960.out 50.269955 50.498961 50.497114
STRONG_SCALING_GS_10_240_960.out 37.471976 38.284058 37.305266
STRONG_SCALING_JA_1_12_960.out 221.836031 221.385145 223.211843
STRONG_SCALING_JA_2_24_960.out 112.443578 112.448941 111.776072
STRONG_SCALING_JA_4_48_960.out 56.392174 56.557923 56.548671
STRONG_SCALING_JA_8_96_960.out 29.692620 29.987290 29.822715
STRONG_SCALING_JA_10_120_960.out 24.363085 23.970898 23.729934
STRONG_SCALING_JA_10_240_960.out 19.020815 19.476694 19.001584
WEAK_SCALING_GS_1_1_100.out 46.608902 46.347921 46.424079
WEAK_SCALING_GS_1_2_141.out 91.400076 91.167793 91.168718
WEAK_SCALING_GS_2_4_200.out 92.477711 92.390545 91.861489
WEAK_SCALING_GS_4_8_282.out 95.943217 94.225553 93.168538
WEAK_SCALING_GS_4_16_400.out 92.226562 92.116219 92.522336
WEAK_SCALING_GS_4_24_490.out 93.000426 92.219112 92.333759
WEAK_SCALING_GS_8_64_800.out 93.816594 93.820346 93.673575
WEAK_SCALING_JA_1_1_100.out 44.010515 44.089626 43.983216
WEAK_SCALING_JA_1_2_141.out 43.318290 43.296731 43.151039
WEAK_SCALING_JA_2_4_200.out 44.116599 44.169656 44.080460
WEAK_SCALING_JA_4_8_282.out 47.996819 46.740856 47.941126
WEAK_SCALING_JA_4_16_400.out 44.693801 44.510826 45.354356
WEAK_SCALING_JA_4_24_490.out 44.683343 44.186112 44.572587
WEAK_SCALING_JA_8_64_800.out 45.149063 45.957393 46.092940
