COMMUNICATION_A_GS_1_10_200.out 102.796380 104.183624 103.860688
COMMUNICATION_A_GS_2_10_200.out 106.011519 105.569247 107.103974
COMMUNICATION_A_GS_3_10_200.out 107.630066 106.025610 107.259558
COMMUNICATION_A_GS_4_10_200.out 107.227587 111.389520 114.768617
COMMUNICATION_A_GS_6_10_200.out 109.850042 111.705154 110.038677
COMMUNICATION_A_GS_8_10_200.out 110.799828 110.275667 110.239963
COMMUNICATION_A_GS_10_10_200.out 73.469231 78.334662 97.130603
COMMUNICATION_A_JA_1_10_200.out 54.749328 54.984395 55.280230
COMMUNICATION_A_JA_2_10_200.out 57.941468 58.427722 57.730103
COMMUNICATION_A_JA_3_10_200.out 58.565564 58.938598 58.928087
COMMUNICATION_A_JA_4_10_200.out 59.177867 59.912696 59.407088
COMMUNICATION_A_JA_6_10_200.out 60.185814 61.391834 60.472231
COMMUNICATION_A_JA_8_10_200.out 60.751600 60.485192 62.226576
COMMUNICATION_A_JA_10_10_200.out 63.807933 61.494586 62.683548
STRONG_SCALING_GS_1_12_960.out 466.425747 468.811556 466.487225
STRONG_SCALING_GS_2_24_960.out 235.437546 235.612332 235.251837
STRONG_SCALING_GS_4_48_960.out 119.834198 119.613360 120.616679
STRONG_SCALING_GS_8_96_960.out 61.800148 61.942622 61.692166
STRONG_SCALING_GS_10_120_960.out 50.158655 50.139917 50.372447
STRONG_SCALING_GS_10_240_960.out 39.610036 38.176650 39.143847
STRONG_SCALING_JA_1_12_960.out 220.904306 221.070001 223.102341
STRONG_SCALING_JA_2_24_960.out 112.800659 118.482951 112.717213
STRONG_SCALING_JA_4_48_960.out 57.839032 58.365862 57.118735
STRONG_SCALING_JA_8_96_960.out 29.395958 29.361214 29.190404
STRONG_SCALING_JA_10_120_960.out 25.164155 25.015094 24.599939
STRONG_SCALING_JA_10_240_960.out 20.412450 21.342307 19.595288
WEAK_SCALING_GS_1_1_100.out 46.566845 46.558712 46.537378
WEAK_SCALING_GS_1_2_141.out 92.125637 91.166886 91.407034
WEAK_SCALING_GS_2_4_200.out 91.903538 91.964574 92.308633
WEAK_SCALING_GS_4_8_282.out 94.797573 95.264520 95.433365
WEAK_SCALING_GS_4_16_400.out 92.897241 92.214432 91.893770
WEAK_SCALING_GS_4_24_490.out 92.686557 92.124641 92.948124
WEAK_SCALING_GS_8_64_800.out 93.439107 93.785853 93.622845
WEAK_SCALING_JA_1_1_100.out 44.034330 44.398750 44.017323
WEAK_SCALING_JA_1_2_141.out 43.433885 43.209767 43.499135
WEAK_SCALING_JA_2_4_200.out 44.322863 44.206152 44.912951
WEAK_SCALING_JA_4_8_282.out 47.136078 49.053120 47.535450
WEAK_SCALING_JA_4_16_400.out 45.710667 44.996697 46.420831
WEAK_SCALING_JA_4_24_490.out 44.652757 44.910130 44.816620
WEAK_SCALING_JA_8_64_800.out 44.696256 44.637279 44.808834
